


C:\home\data\map\250808_CoastLine\data>python plot_coastline8.py
     lon      lat |  横メルカトル_X  横メルカトル_Y |      Ruby回転_X      Ruby回転_Y |       差分_X       差分_Y | offset_X offset_Y
------------------------------------------------------------------------------------------------------------------------
 170.000   30.000 |   966498.393396 -3382025.852120 |   966498.393396 -3382025.852120 |     0.000000     0.000000 |        0       -1
-170.000  -30.000 |  -966498.393396  3382025.852120 |  -966498.393396  3382025.852120 |     0.000000    -0.000000 |        0        1
 120.000   60.000 |  2956895.990002 -8226275.067828 |  2956895.990002 -8226275.067828 |     0.000000    -0.000000 |        0       -1
   0.000    0.000 |        0.000000        0.000000 |        0.000000        0.000000 |     0.000000     0.000000 |        0        0
  45.000   45.000 |  3503549.843504  6093140.268775 |  3503549.843504  6093140.268775 |    -0.000000     0.000000 |        0        0
 -45.000  -45.000 | -3503549.843504 -6093140.268775 | -3503549.843504 -6093140.268775 |     0.000000    -0.000000 |        0        0

